150 149 147 145 143 169 170 170 169 170 169 170 170 169 170 169 170 170 169 170 169 170 170 169 170 169 170 170 169 170 169 170 170 169 170 169 170 170 169 170 169 170 170 169 170 169 170 170 169 170 169 170 170 169 170 169 170 170 169 170 169 170 170 169 170 169 170 170 169 170 169 170 170 169 170 169 170 170 169 170 169 170 170 169 170 169 170 170 169 170 169 170 170 169 170 169 170 170 169 170 169 170 170 169 170 169 170 170 169 170 150 149 147 145 143 150 149 147 145 143 150 149 147 145 143 
152 154 149 148 147 169 170 170 171 170 169 170 170 171 170 169 170 170 171 170 169 170 170 171 170 169 170 170 171 170 169 170 170 171 170 169 170 170 171 170 169 170 170 171 170 169 170 170 171 170 169 170 170 171 170 169 170 170 171 170 169 170 170 171 170 169 170 170 171 170 169 170 170 171 170 169 170 170 171 170 169 170 170 171 170 169 170 170 171 170 169 170 170 171 170 169 170 170 171 170 169 170 170 171 170 169 170 170 171 170 152 154 149 148 147 152 154 149 148 147 152 154 149 148 147 
151 153 149 150 150 169 170 171 171 171 169 170 171 171 171 169 170 171 171 171 169 170 171 171 171 169 170 171 171 171 169 170 171 171 171 169 170 171 171 171 169 170 171 171 171 169 170 171 171 171 169 170 171 171 171 169 170 171 171 171 169 170 171 171 171 169 170 171 171 171 169 170 171 171 171 169 170 171 171 171 169 170 171 171 171 169 170 171 171 171 169 170 171 171 171 169 170 171 171 171 169 170 171 171 171 169 170 171 171 171 151 153 149 150 150 151 153 149 150 150 151 153 149 150 150 
150 149 147 149 147 168 169 170 170 170 168 169 170 170 170 168 169 170 170 170 168 169 170 170 170 168 169 170 170 170 168 169 170 170 170 168 169 170 170 170 168 169 170 170 170 168 169 170 170 170 168 169 170 170 170 168 169 170 170 170 168 169 170 170 170 168 169 170 170 170 168 169 170 170 170 168 169 170 170 170 168 169 170 170 170 168 169 170 170 170 168 169 170 170 170 168 169 170 170 170 168 169 170 170 170 168 169 170 170 170 150 149 147 149 147 150 149 147 149 147 150 149 147 149 147 
148 148 148 149 145 167 167 168 167 167 167 167 168 167 167 167 167 168 167 167 167 167 168 167 167 167 167 168 167 167 167 167 168 167 167 167 167 168 167 167 167 167 168 167 167 167 167 168 167 167 167 167 168 167 167 167 167 168 167 167 167 167 168 167 167 167 167 168 167 167 167 167 168 167 167 167 167 168 167 167 167 167 168 167 167 167 167 168 167 167 167 167 168 167 167 167 167 168 167 167 167 167 168 167 167 167 167 168 167 167 148 148 148 149 145 148 148 148 149 145 148 148 148 149 145 
150 149 147 145 143 169 170 170 169 170 169 170 170 169 170 169 170 170 169 170 169 170 170 169 170 169 170 170 169 170 169 170 170 169 170 169 170 170 169 170 169 170 170 169 170 169 170 170 169 170 169 170 170 169 170 169 170 170 169 170 169 170 170 169 170 169 170 170 169 170 169 170 170 169 170 169 170 170 169 170 169 170 170 169 170 169 170 170 169 170 169 170 170 169 170 169 170 170 169 170 169 170 170 169 170 169 170 170 169 170 150 149 147 145 143 150 149 147 145 143 150 149 147 145 143 
152 154 149 148 147 169 170 170 171 170 169 170 170 171 170 169 170 170 171 170 169 170 170 171 170 169 170 170 171 170 169 170 170 171 170 169 170 170 171 170 169 170 170 171 170 169 170 170 171 170 169 170 170 171 170 169 170 170 171 170 169 170 170 171 170 169 170 170 171 170 169 170 170 171 170 169 170 170 171 170 169 170 170 171 170 169 170 170 171 170 169 170 170 171 170 169 170 170 171 170 169 170 170 171 170 169 170 170 171 170 152 154 149 148 147 152 154 149 148 147 152 154 149 148 147 
151 153 149 150 150 169 170 171 171 171 169 170 171 171 171 169 170 171 171 171 169 170 171 171 171 169 170 171 171 171 169 170 171 171 171 169 170 171 171 171 169 170 171 171 171 169 170 171 171 171 169 170 171 171 171 169 170 171 171 171 169 170 171 171 171 169 170 171 171 171 169 170 171 171 171 169 170 171 171 171 169 170 171 171 171 169 170 171 171 171 169 170 171 171 171 169 170 171 171 171 169 170 171 171 171 169 170 171 171 171 151 153 149 150 150 151 153 149 150 150 151 153 149 150 150 
150 149 147 149 147 168 169 170 170 170 168 169 170 170 170 168 169 170 170 170 168 169 170 170 170 168 169 170 170 170 168 169 170 170 170 168 169 170 170 170 168 169 170 170 170 168 169 170 170 170 168 169 170 170 170 168 169 170 170 170 168 169 170 170 170 168 169 170 170 170 168 169 170 170 170 168 169 170 170 170 168 169 170 170 170 168 169 170 170 170 168 169 170 170 170 168 169 170 170 170 168 169 170 170 170 168 169 170 170 170 150 149 147 149 147 150 149 147 149 147 150 149 147 149 147 
148 148 148 149 145 167 167 168 167 167 167 167 168 167 167 167 167 168 167 167 167 167 168 167 167 167 167 168 167 167 167 167 168 167 167 167 167 168 167 167 167 167 168 167 167 167 167 168 167 167 167 167 168 167 167 167 167 168 167 167 167 167 168 167 167 167 167 168 167 167 167 167 168 167 167 167 167 168 167 167 167 167 168 167 167 167 167 168 167 167 167 167 168 167 167 167 167 168 167 167 167 167 168 167 167 167 167 168 167 167 148 148 148 149 145 148 148 148 149 145 148 148 148 149 145 
150 149 147 145 143 169 170 170 169 170 169 170 170 169 170 169 170 170 169 170 169 170 170 169 170 169 170 170 169 170 169 170 170 169 170 169 170 170 169 170 169 170 170 169 170 169 170 170 169 170 169 170 170 169 170 169 170 170 169 170 169 170 170 169 170 169 170 170 169 170 169 170 170 169 170 169 170 170 169 170 169 170 170 169 170 169 170 170 169 170 169 170 170 169 170 169 170 170 169 170 169 170 170 169 170 169 170 170 169 170 150 149 147 145 143 150 149 147 145 143 150 149 147 145 143 
152 154 149 148 147 169 170 170 171 170 169 170 170 171 170 169 170 170 171 170 169 170 170 171 170 169 170 170 171 170 169 170 170 171 170 169 170 170 171 170 169 170 170 171 170 169 170 170 171 170 169 170 170 171 170 169 170 170 171 170 169 170 170 171 170 169 170 170 171 170 169 170 170 171 170 169 170 170 171 170 169 170 170 171 170 169 170 170 171 170 169 170 170 171 170 169 170 170 171 170 169 170 170 171 170 169 170 170 171 170 152 154 149 148 147 152 154 149 148 147 152 154 149 148 147 
151 153 149 150 150 169 170 171 171 171 169 170 171 171 171 169 170 171 171 171 169 170 171 171 171 169 170 171 171 171 169 170 171 171 171 169 170 171 171 171 169 170 171 171 171 169 170 171 171 171 169 170 171 171 171 169 170 171 171 171 169 170 171 171 171 169 170 171 171 171 169 170 171 171 171 169 170 171 171 171 169 170 171 171 171 169 170 171 171 171 169 170 171 171 171 169 170 171 171 171 169 170 171 171 171 169 170 171 171 171 151 153 149 150 150 151 153 149 150 150 151 153 149 150 150 
150 149 147 149 147 168 169 170 170 170 168 169 170 170 170 168 169 170 170 170 168 169 170 170 170 168 169 170 170 170 168 169 170 170 170 168 169 170 170 170 168 169 170 170 170 168 169 170 170 170 168 169 170 170 170 168 169 170 170 170 168 169 170 170 170 168 169 170 170 170 168 169 170 170 170 168 169 170 170 170 168 169 170 170 170 168 169 170 170 170 168 169 170 170 170 168 169 170 170 170 168 169 170 170 170 168 169 170 170 170 150 149 147 149 147 150 149 147 149 147 150 149 147 149 147 
148 148 148 149 145 167 167 168 167 167 167 167 168 167 167 167 167 168 167 167 167 167 168 167 167 167 167 168 167 167 167 167 168 167 167 167 167 168 167 167 167 167 168 167 167 167 167 168 167 167 167 167 168 167 167 167 167 168 167 167 167 167 168 167 167 167 167 168 167 167 167 167 168 167 167 167 167 168 167 167 167 167 168 167 167 167 167 168 167 167 167 167 168 167 167 167 167 168 167 167 167 167 168 167 167 167 167 168 167 167 148 148 148 149 145 148 148 148 149 145 148 148 148 149 145 
150 149 147 145 143 169 170 170 169 170 169 170 170 169 170 169 170 170 169 170 169 170 170 169 170 169 170 170 169 170 169 170 170 169 170 169 170 170 169 170 169 170 170 169 170 169 170 170 169 170 169 170 170 169 170 169 170 170 169 170 169 170 170 169 170 169 170 170 169 170 169 170 170 169 170 169 170 170 169 170 169 170 170 169 170 169 170 170 169 170 169 170 170 169 170 169 170 170 169 170 169 170 170 169 170 169 170 170 169 170 150 149 147 145 143 150 149 147 145 143 150 149 147 145 143 
152 154 149 148 147 169 170 170 171 170 169 170 170 171 170 169 170 170 171 170 169 170 170 171 170 169 170 170 171 170 169 170 170 171 170 169 170 170 171 170 169 170 170 171 170 169 170 170 171 170 169 170 170 171 170 169 170 170 171 170 169 170 170 171 170 169 170 170 171 170 169 170 170 171 170 169 170 170 171 170 169 170 170 171 170 169 170 170 171 170 169 170 170 171 170 169 170 170 171 170 169 170 170 171 170 169 170 170 171 170 152 154 149 148 147 152 154 149 148 147 152 154 149 148 147 
151 153 149 150 150 169 170 171 171 171 169 170 171 171 171 169 170 171 171 171 169 170 171 171 171 169 170 171 171 171 169 170 171 171 171 169 170 171 171 171 169 170 171 171 171 169 170 171 171 171 169 170 171 171 171 169 170 171 171 171 169 170 171 171 171 169 170 171 171 171 169 170 171 171 171 169 170 171 171 171 169 170 171 171 171 169 170 171 171 171 169 170 171 171 171 169 170 171 171 171 169 170 171 171 171 169 170 171 171 171 151 153 149 150 150 151 153 149 150 150 151 153 149 150 150 
150 149 147 149 147 168 169 170 170 170 168 169 170 170 170 168 169 170 170 170 168 169 170 170 170 168 169 170 170 170 168 169 170 170 170 168 169 170 170 170 168 169 170 170 170 168 169 170 170 170 168 169 170 170 170 168 169 170 170 170 168 169 170 170 170 168 169 170 170 170 168 169 170 170 170 168 169 170 170 170 168 169 170 170 170 168 169 170 170 170 168 169 170 170 170 168 169 170 170 170 168 169 170 170 170 168 169 170 170 170 150 149 147 149 147 150 149 147 149 147 150 149 147 149 147 
148 148 148 149 145 167 167 168 167 167 167 167 168 167 167 167 167 168 167 167 167 167 168 167 167 167 167 168 167 167 167 167 168 167 167 167 167 168 167 167 167 167 168 167 167 167 167 168 167 167 167 167 168 167 167 167 167 168 167 167 167 167 168 167 167 167 167 168 167 167 167 167 168 167 167 167 167 168 167 167 167 167 168 167 167 167 167 168 167 167 167 167 168 167 167 167 167 168 167 167 167 167 168 167 167 167 167 168 167 167 148 148 148 149 145 148 148 148 149 145 148 148 148 149 145 
169 170 170 169 170 169 170 170 169 170 169 170 170 169 170 169 170 170 169 170 169 170 170 169 170 169 170 170 169 170 169 170 170 169 170 169 170 170 169 170 169 170 170 169 170 144 155 157 135 95 22 21 20 20 20 22 21 20 20 20 22 21 20 20 20 169 170 170 169 170 169 170 170 169 170 169 170 170 169 170 169 170 170 169 170 169 170 170 169 170 169 170 170 169 170 169 170 170 169 170 169 170 170 169 170 169 170 170 169 170 150 149 147 145 143 150 149 147 145 143 150 149 147 145 143 
169 170 170 171 170 169 170 170 171 170 169 170 170 171 170 169 170 170 171 170 169 170 170 171 170 169 170 170 171 170 169 170 170 171 170 169 170 170 171 170 169 170 170 171 170 152 158 162 126 67 20 17 18 18 19 20 17 18 18 19 20 17 18 18 19 169 170 170 171 170 169 170 170 171 170 169 170 170 171 170 169 170 170 171 170 169 170 170 171 170 169 170 170 171 170 169 170 170 171 170 169 170 170 171 170 169 170 170 171 170 152 154 149 148 147 152 154 149 148 147 152 154 149 148 147 
169 170 171 171 171 169 170 171 171 171 169 170 171 171 171 169 170 171 171 171 169 170 171 171 171 169 170 171 171 171 169 170 171 171 171 169 170 171 171 171 169 170 171 171 171 152 160 158 107 47 17 17 18 20 22 17 17 18 20 22 17 17 18 20 22 169 170 171 171 171 169 170 171 171 171 169 170 171 171 171 169 170 171 171 171 169 170 171 171 171 169 170 171 171 171 169 170 171 171 171 169 170 171 171 171 169 170 171 171 171 151 153 149 150 150 151 153 149 150 150 151 153 149 150 150 
168 169 170 170 170 168 169 170 170 170 168 169 170 170 170 168 169 170 170 170 168 169 170 170 170 168 169 170 170 170 168 169 170 170 170 168 169 170 170 170 168 169 170 170 170 140 150 133 72 39 18 17 21 25 25 18 17 21 25 25 18 17 21 25 25 168 169 170 170 170 168 169 170 170 170 168 169 170 170 170 168 169 170 170 170 168 169 170 170 170 168 169 170 170 170 168 169 170 170 170 168 169 170 170 170 168 169 170 170 170 150 149 147 149 147 150 149 147 149 147 150 149 147 149 147 
167 167 168 167 167 167 167 168 167 167 167 167 168 167 167 167 167 168 167 167 167 167 168 167 167 167 167 168 167 167 167 167 168 167 167 167 167 168 167 167 167 167 168 167 167 144 135 110 58 43 21 21 26 27 28 21 21 26 27 28 21 21 26 27 28 167 167 168 167 167 167 167 168 167 167 167 167 168 167 167 167 167 168 167 167 167 167 168 167 167 167 167 168 167 167 167 167 168 167 167 167 167 168 167 167 167 167 168 167 167 148 148 148 149 145 148 148 148 149 145 148 148 148 149 145 
169 170 170 169 170 169 170 170 169 170 169 170 170 169 170 169 170 170 169 170 169 170 170 169 170 169 170 170 169 170 169 170 170 169 170 169 170 170 169 170 169 170 170 169 170 140 117 64 25 35 22 21 20 20 20 22 21 20 20 20 22 21 20 20 20 52 73 94 144 160 169 170 170 169 170 169 170 170 169 170 169 170 170 169 170 169 170 170 169 170 169 170 170 169 170 169 170 170 169 170 169 170 170 169 170 150 149 147 145 143 150 149 147 145 143 150 149 147 145 143 150 149 147 145 143 
169 170 170 171 170 169 170 170 171 170 169 170 170 171 170 169 170 170 171 170 169 170 170 171 170 169 170 170 171 170 169 170 170 171 170 169 170 170 171 170 169 170 170 171 170 142 108 43 16 25 20 17 18 18 19 20 17 18 18 19 20 17 18 18 19 55 66 74 125 163 169 170 170 171 170 169 170 170 171 170 169 170 170 171 170 169 170 170 171 170 169 170 170 171 170 169 170 170 171 170 169 170 170 171 170 152 154 149 148 147 152 154 149 148 147 152 154 149 148 147 152 154 149 148 147 
169 170 171 171 171 169 170 171 171 171 169 170 171 171 171 169 170 171 171 171 169 170 171 171 171 169 170 171 171 171 169 170 171 171 171 169 170 171 171 171 169 170 171 171 171 138 111 37 19 21 17 17 18 20 22 17 17 18 20 22 17 17 18 20 22 57 42 33 63 136 169 170 171 171 171 169 170 171 171 171 169 170 171 171 171 169 170 171 171 171 169 170 171 171 171 169 170 171 171 171 169 170 171 171 171 151 153 149 150 150 151 153 149 150 150 151 153 149 150 150 151 153 149 150 150 
168 169 170 170 170 168 169 170 170 170 168 169 170 170 170 168 169 170 170 170 168 169 170 170 170 168 169 170 170 170 168 169 170 170 170 168 169 170 170 170 168 169 170 170 170 139 105 42 22 26 18 17 21 25 25 18 17 21 25 25 18 17 21 25 25 65 39 16 33 95 168 169 170 170 170 168 169 170 170 170 168 169 170 170 170 168 169 170 170 170 168 169 170 170 170 168 169 170 170 170 168 169 170 170 170 150 149 147 149 147 150 149 147 149 147 150 149 147 149 147 150 149 147 149 147 
167 167 168 167 167 167 167 168 167 167 167 167 168 167 167 167 167 168 167 167 167 167 168 167 167 167 167 168 167 167 167 167 168 167 167 167 167 168 167 167 167 167 168 167 167 131 96 40 24 31 21 21 26 27 28 21 21 26 27 28 21 21 26 27 28 91 57 28 55 89 167 167 168 167 167 167 167 168 167 167 167 167 168 167 167 167 167 168 167 167 167 167 168 167 167 167 167 168 167 167 167 167 168 167 167 148 148 148 149 145 148 148 148 149 145 148 148 148 149 145 148 148 148 149 145 
169 170 170 169 170 169 170 170 169 170 169 170 170 169 170 169 170 170 169 170 169 170 170 169 170 169 170 170 169 170 144 155 157 135 95 52 73 94 144 160 52 73 94 144 160 22 21 20 20 20 52 73 94 144 160 150 149 147 145 143 144 155 157 135 95 37 43 57 91 108 122 119 121 121 117 150 149 147 145 143 169 170 170 169 170 169 170 170 169 170 169 170 170 169 170 169 170 170 169 170 169 170 170 169 170 150 149 147 145 143 150 149 147 145 143 150 149 147 145 143 150 149 147 145 143 
169 170 170 171 170 169 170 170 171 170 169 170 170 171 170 169 170 170 171 170 169 170 170 171 170 169 170 170 171 170 152 158 162 126 67 55 66 74 125 163 55 66 74 125 163 20 17 18 18 19 55 66 74 125 163 152 154 149 148 147 152 158 162 126 67 33 39 66 114 117 124 124 127 127 124 152 154 149 148 147 169 170 170 171 170 169 170 170 171 170 169 170 170 171 170 169 170 170 171 170 169 170 170 171 170 152 154 149 148 147 152 154 149 148 147 152 154 149 148 147 152 154 149 148 147 
169 170 171 171 171 169 170 171 171 171 169 170 171 171 171 169 170 171 171 171 169 170 171 171 171 169 170 171 171 171 152 160 158 107 47 57 42 33 63 136 57 42 33 63 136 17 17 18 20 22 57 42 33 63 136 151 153 149 150 150 152 160 158 107 47 40 41 85 129 112 119 122 122 122 123 151 153 149 150 150 169 170 171 171 171 169 170 171 171 171 169 170 171 171 171 169 170 171 171 171 169 170 171 171 171 151 153 149 150 150 151 153 149 150 150 151 153 149 150 150 151 153 149 150 150 
168 169 170 170 170 168 169 170 170 170 168 169 170 170 170 168 169 170 170 170 168 169 170 170 170 168 169 170 170 170 140 150 133 72 39 65 39 16 33 95 65 39 16 33 95 18 17 21 25 25 65 39 16 33 95 150 149 147 149 147 140 150 133 72 39 40 40 94 133 116 119 121 121 119 122 150 149 147 149 147 168 169 170 170 170 168 169 170 170 170 168 169 170 170 170 168 169 170 170 170 168 169 170 170 170 150 149 147 149 147 150 149 147 149 147 150 149 147 149 147 150 149 147 149 147 
167 167 168 167 167 167 167 168 167 167 167 167 168 167 167 167 167 168 167 167 167 167 168 167 167 167 167 168 167 167 144 135 110 58 43 91 57 28 55 89 91 57 28 55 89 21 21 26 27 28 91 57 28 55 89 148 148 148 149 145 144 135 110 58 43 41 54 107 130 125 119 121 121 119 118 148 148 148 149 145 167 167 168 167 167 167 167 168 167 167 167 167 168 167 167 167 167 168 167 167 167 167 168 167 167 148 148 148 149 145 148 148 148 149 145 148 148 148 149 145 148 148 148 149 145 
169 170 170 169 170 169 170 170 169 170 169 170 170 169 170 169 170 170 169 170 169 170 170 169 170 169 170 170 169 170 22 21 20 20 20 22 21 20 20 20 22 21 20 20 20 52 73 94 144 160 140 117 64 25 35 52 73 94 144 160 144 155 157 135 95 22 21 20 20 20 52 73 94 144 160 122 119 121 121 117 169 170 170 169 170 169 170 170 169 170 169 170 170 169 170 169 170 170 169 170 169 170 170 169 170 150 149 147 145 143 150 149 147 145 143 150 149 147 145 143 150 149 147 145 143 
169 170 170 171 170 169 170 170 171 170 169 170 170 171 170 169 170 170 171 170 169 170 170 171 170 169 170 170 171 170 20 17 18 18 19 20 17 18 18 19 20 17 18 18 19 55 66 74 125 163 142 108 43 16 25 55 66 74 125 163 152 158 162 126 67 20 17 18 18 19 55 66 74 125 163 124 124 127 127 124 169 170 170 171 170 169 170 170 171 170 169 170 170 171 170 169 170 170 171 170 169 170 170 171 170 152 154 149 148 147 152 154 149 148 147 152 154 149 148 147 152 154 149 148 147 
169 170 171 171 171 169 170 171 171 171 169 170 171 171 171 169 170 171 171 171 169 170 171 171 171 169 170 171 171 171 17 17 18 20 22 17 17 18 20 22 17 17 18 20 22 57 42 33 63 136 138 111 37 19 21 57 42 33 63 136 152 160 158 107 47 17 17 18 20 22 57 42 33 63 136 119 122 122 122 123 169 170 171 171 171 169 170 171 171 171 169 170 171 171 171 169 170 171 171 171 169 170 171 171 171 151 153 149 150 150 151 153 149 150 150 151 153 149 150 150 151 153 149 150 150 
168 169 170 170 170 168 169 170 170 170 168 169 170 170 170 168 169 170 170 170 168 169 170 170 170 168 169 170 170 170 18 17 21 25 25 18 17 21 25 25 18 17 21 25 25 65 39 16 33 95 139 105 42 22 26 65 39 16 33 95 140 150 133 72 39 18 17 21 25 25 65 39 16 33 95 119 121 121 119 122 168 169 170 170 170 168 169 170 170 170 168 169 170 170 170 168 169 170 170 170 168 169 170 170 170 150 149 147 149 147 150 149 147 149 147 150 149 147 149 147 150 149 147 149 147 
167 167 168 167 167 167 167 168 167 167 167 167 168 167 167 167 167 168 167 167 167 167 168 167 167 167 167 168 167 167 21 21 26 27 28 21 21 26 27 28 21 21 26 27 28 91 57 28 55 89 131 96 40 24 31 91 57 28 55 89 144 135 110 58 43 21 21 26 27 28 91 57 28 55 89 119 121 121 119 118 167 167 168 167 167 167 167 168 167 167 167 167 168 167 167 167 167 168 167 167 167 167 168 167 167 148 148 148 149 145 148 148 148 149 145 148 148 148 149 145 148 148 148 149 145 
169 170 170 169 170 169 170 170 169 170 169 170 170 169 170 169 170 170 169 170 144 155 157 135 95 22 21 20 20 20 22 21 20 20 20 22 21 20 20 20 22 21 20 20 20 22 21 20 20 20 140 117 64 25 35 22 21 20 20 20 150 149 147 145 143 37 43 57 91 108 140 117 64 25 35 169 170 170 169 170 169 170 170 169 170 169 170 170 169 170 169 170 170 169 170 169 170 170 169 170 169 170 170 169 170 150 149 147 145 143 150 149 147 145 143 150 149 147 145 143 150 149 147 145 143 
169 170 170 171 170 169 170 170 171 170 169 170 170 171 170 169 170 170 171 170 152 158 162 126 67 20 17 18 18 19 20 17 18 18 19 20 17 18 18 19 20 17 18 18 19 20 17 18 18 19 142 108 43 16 25 20 17 18 18 19 152 154 149 148 147 33 39 66 114 117 142 108 43 16 25 169 170 170 171 170 169 170 170 171 170 169 170 170 171 170 169 170 170 171 170 169 170 170 171 170 169 170 170 171 170 152 154 149 148 147 152 154 149 148 147 152 154 149 148 147 152 154 149 148 147 
169 170 171 171 171 169 170 171 171 171 169 170 171 171 171 169 170 171 171 171 152 160 158 107 47 17 17 18 20 22 17 17 18 20 22 17 17 18 20 22 17 17 18 20 22 17 17 18 20 22 138 111 37 19 21 17 17 18 20 22 151 153 149 150 150 40 41 85 129 112 138 111 37 19 21 169 170 171 171 171 169 170 171 171 171 169 170 171 171 171 169 170 171 171 171 169 170 171 171 171 169 170 171 171 171 151 153 149 150 150 151 153 149 150 150 151 153 149 150 150 151 153 149 150 150 
168 169 170 170 170 168 169 170 170 170 168 169 170 170 170 168 169 170 170 170 140 150 133 72 39 18 17 21 25 25 18 17 21 25 25 18 17 21 25 25 18 17 21 25 25 18 17 21 25 25 139 105 42 22 26 18 17 21 25 25 150 149 147 149 147 40 40 94 133 116 139 105 42 22 26 168 169 170 170 170 168 169 170 170 170 168 169 170 170 170 168 169 170 170 170 168 169 170 170 170 168 169 170 170 170 150 149 147 149 147 150 149 147 149 147 150 149 147 149 147 150 149 147 149 147 
167 167 168 167 167 167 167 168 167 167 167 167 168 167 167 167 167 168 167 167 144 135 110 58 43 21 21 26 27 28 21 21 26 27 28 21 21 26 27 28 21 21 26 27 28 21 21 26 27 28 131 96 40 24 31 21 21 26 27 28 148 148 148 149 145 41 54 107 130 125 131 96 40 24 31 167 167 168 167 167 167 167 168 167 167 167 167 168 167 167 167 167 168 167 167 167 167 168 167 167 167 167 168 167 167 148 148 148 149 145 148 148 148 149 145 148 148 148 149 145 148 148 148 149 145 
169 170 170 169 170 169 170 170 169 170 169 170 170 169 170 144 155 157 135 95 22 21 20 20 20 22 21 20 20 20 22 21 20 20 20 22 21 20 20 20 22 21 20 20 20 22 21 20 20 20 22 21 20 20 20 22 21 20 20 20 37 43 57 91 108 169 170 170 169 170 140 117 64 25 35 169 170 170 169 170 169 170 170 169 170 169 170 170 169 170 169 170 170 169 170 169 170 170 169 170 169 170 170 169 170 150 149 147 145 143 150 149 147 145 143 150 149 147 145 143 150 149 147 145 143 
169 170 170 171 170 169 170 170 171 170 169 170 170 171 170 152 158 162 126 67 20 17 18 18 19 20 17 18 18 19 20 17 18 18 19 20 17 18 18 19 20 17 18 18 19 20 17 18 18 19 20 17 18 18 19 20 17 18 18 19 33 39 66 114 117 169 170 170 171 170 142 108 43 16 25 169 170 170 171 170 169 170 170 171 170 169 170 170 171 170 169 170 170 171 170 169 170 170 171 170 169 170 170 171 170 152 154 149 148 147 152 154 149 148 147 152 154 149 148 147 152 154 149 148 147 
169 170 171 171 171 169 170 171 171 171 169 170 171 171 171 152 160 158 107 47 17 17 18 20 22 17 17 18 20 22 17 17 18 20 22 17 17 18 20 22 17 17 18 20 22 17 17 18 20 22 17 17 18 20 22 17 17 18 20 22 40 41 85 129 112 169 170 171 171 171 138 111 37 19 21 169 170 171 171 171 169 170 171 171 171 169 170 171 171 171 169 170 171 171 171 169 170 171 171 171 169 170 171 171 171 151 153 149 150 150 151 153 149 150 150 151 153 149 150 150 151 153 149 150 150 
168 169 170 170 170 168 169 170 170 170 168 169 170 170 170 140 150 133 72 39 18 17 21 25 25 18 17 21 25 25 18 17 21 25 25 18 17 21 25 25 18 17 21 25 25 18 17 21 25 25 18 17 21 25 25 18 17 21 25 25 40 40 94 133 116 168 169 170 170 170 139 105 42 22 26 168 169 170 170 170 168 169 170 170 170 168 169 170 170 170 168 169 170 170 170 168 169 170 170 170 168 169 170 170 170 150 149 147 149 147 150 149 147 149 147 150 149 147 149 147 150 149 147 149 147 
167 167 168 167 167 167 167 168 167 167 167 167 168 167 167 144 135 110 58 43 21 21 26 27 28 21 21 26 27 28 21 21 26 27 28 21 21 26 27 28 21 21 26 27 28 21 21 26 27 28 21 21 26 27 28 21 21 26 27 28 41 54 107 130 125 167 167 168 167 167 131 96 40 24 31 167 167 168 167 167 167 167 168 167 167 167 167 168 167 167 167 167 168 167 167 167 167 168 167 167 167 167 168 167 167 148 148 148 149 145 148 148 148 149 145 148 148 148 149 145 148 148 148 149 145 
169 170 170 169 170 169 170 170 169 170 169 170 170 169 170 140 117 64 25 35 22 21 20 20 20 22 21 20 20 20 22 21 20 20 20 22 21 20 20 20 22 21 20 20 20 22 21 20 20 20 22 21 20 20 20 22 21 20 20 20 22 21 20 20 20 22 21 20 20 20 52 73 94 144 160 169 170 170 169 170 169 170 170 169 170 169 170 170 169 170 169 170 170 169 170 169 170 170 169 170 150 149 147 145 143 150 149 147 145 143 150 149 147 145 143 150 149 147 145 143 150 149 147 145 143 
169 170 170 171 170 169 170 170 171 170 169 170 170 171 170 142 108 43 16 25 20 17 18 18 19 20 17 18 18 19 20 17 18 18 19 20 17 18 18 19 20 17 18 18 19 20 17 18 18 19 20 17 18 18 19 20 17 18 18 19 20 17 18 18 19 20 17 18 18 19 55 66 74 125 163 169 170 170 171 170 169 170 170 171 170 169 170 170 171 170 169 170 170 171 170 169 170 170 171 170 152 154 149 148 147 152 154 149 148 147 152 154 149 148 147 152 154 149 148 147 152 154 149 148 147 
169 170 171 171 171 169 170 171 171 171 169 170 171 171 171 138 111 37 19 21 17 17 18 20 22 17 17 18 20 22 17 17 18 20 22 17 17 18 20 22 17 17 18 20 22 17 17 18 20 22 17 17 18 20 22 17 17 18 20 22 17 17 18 20 22 17 17 18 20 22 57 42 33 63 136 169 170 171 171 171 169 170 171 171 171 169 170 171 171 171 169 170 171 171 171 169 170 171 171 171 151 153 149 150 150 151 153 149 150 150 151 153 149 150 150 151 153 149 150 150 151 153 149 150 150 
168 169 170 170 170 168 169 170 170 170 168 169 170 170 170 139 105 42 22 26 18 17 21 25 25 18 17 21 25 25 18 17 21 25 25 18 17 21 25 25 18 17 21 25 25 18 17 21 25 25 18 17 21 25 25 18 17 21 25 25 18 17 21 25 25 18 17 21 25 25 65 39 16 33 95 168 169 170 170 170 168 169 170 170 170 168 169 170 170 170 168 169 170 170 170 168 169 170 170 170 150 149 147 149 147 150 149 147 149 147 150 149 147 149 147 150 149 147 149 147 150 149 147 149 147 
167 167 168 167 167 167 167 168 167 167 167 167 168 167 167 131 96 40 24 31 21 21 26 27 28 21 21 26 27 28 21 21 26 27 28 21 21 26 27 28 21 21 26 27 28 21 21 26 27 28 21 21 26 27 28 21 21 26 27 28 21 21 26 27 28 21 21 26 27 28 91 57 28 55 89 167 167 168 167 167 167 167 168 167 167 167 167 168 167 167 167 167 168 167 167 167 167 168 167 167 148 148 148 149 145 148 148 148 149 145 148 148 148 149 145 148 148 148 149 145 148 148 148 149 145 
169 170 170 169 170 169 170 170 169 170 169 170 170 169 170 169 170 170 169 170 22 21 20 20 20 22 21 20 20 20 22 21 20 20 20 22 21 20 20 20 22 21 20 20 20 22 21 20 20 20 22 21 20 20 20 22 21 20 20 20 22 21 20 20 20 22 21 20 20 20 37 43 57 91 108 169 170 170 169 170 169 170 170 169 170 169 170 170 169 170 150 149 147 145 143 169 170 170 169 170 169 170 170 169 170 150 149 147 145 143 150 149 147 145 143 150 149 147 145 143 150 149 147 145 143 
169 170 170 171 170 169 170 170 171 170 169 170 170 171 170 169 170 170 171 170 20 17 18 18 19 20 17 18 18 19 20 17 18 18 19 20 17 18 18 19 20 17 18 18 19 20 17 18 18 19 20 17 18 18 19 20 17 18 18 19 20 17 18 18 19 20 17 18 18 19 33 39 66 114 117 169 170 170 171 170 169 170 170 171 170 169 170 170 171 170 152 154 149 148 147 169 170 170 171 170 169 170 170 171 170 152 154 149 148 147 152 154 149 148 147 152 154 149 148 147 152 154 149 148 147 
169 170 171 171 171 169 170 171 171 171 169 170 171 171 171 169 170 171 171 171 17 17 18 20 22 17 17 18 20 22 17 17 18 20 22 17 17 18 20 22 17 17 18 20 22 17 17 18 20 22 17 17 18 20 22 17 17 18 20 22 17 17 18 20 22 17 17 18 20 22 40 41 85 129 112 169 170 171 171 171 169 170 171 171 171 169 170 171 171 171 151 153 149 150 150 169 170 171 171 171 169 170 171 171 171 151 153 149 150 150 151 153 149 150 150 151 153 149 150 150 151 153 149 150 150 
168 169 170 170 170 168 169 170 170 170 168 169 170 170 170 168 169 170 170 170 18 17 21 25 25 18 17 21 25 25 18 17 21 25 25 18 17 21 25 25 18 17 21 25 25 18 17 21 25 25 18 17 21 25 25 18 17 21 25 25 18 17 21 25 25 18 17 21 25 25 40 40 94 133 116 168 169 170 170 170 168 169 170 170 170 168 169 170 170 170 150 149 147 149 147 168 169 170 170 170 168 169 170 170 170 150 149 147 149 147 150 149 147 149 147 150 149 147 149 147 150 149 147 149 147 
167 167 168 167 167 167 167 168 167 167 167 167 168 167 167 167 167 168 167 167 21 21 26 27 28 21 21 26 27 28 21 21 26 27 28 21 21 26 27 28 21 21 26 27 28 21 21 26 27 28 21 21 26 27 28 21 21 26 27 28 21 21 26 27 28 21 21 26 27 28 41 54 107 130 125 167 167 168 167 167 167 167 168 167 167 167 167 168 167 167 148 148 148 149 145 167 167 168 167 167 167 167 168 167 167 148 148 148 149 145 148 148 148 149 145 148 148 148 149 145 148 148 148 149 145 
169 170 170 169 170 169 170 170 169 170 169 170 170 169 170 169 170 170 169 170 140 117 64 25 35 22 21 20 20 20 22 21 20 20 20 22 21 20 20 20 22 21 20 20 20 22 21 20 20 20 22 21 20 20 20 22 21 20 20 20 22 21 20 20 20 150 149 147 145 143 52 73 94 144 160 169 170 170 169 170 169 170 170 169 170 169 170 170 169 170 169 170 170 169 170 169 170 170 169 170 169 170 170 169 170 150 149 147 145 143 150 149 147 145 143 150 149 147 145 143 150 149 147 145 143 
169 170 170 171 170 169 170 170 171 170 169 170 170 171 170 169 170 170 171 170 142 108 43 16 25 20 17 18 18 19 20 17 18 18 19 20 17 18 18 19 20 17 18 18 19 20 17 18 18 19 20 17 18 18 19 20 17 18 18 19 20 17 18 18 19 152 154 149 148 147 55 66 74 125 163 169 170 170 171 170 169 170 170 171 170 169 170 170 171 170 169 170 170 171 170 169 170 170 171 170 169 170 170 171 170 152 154 149 148 147 152 154 149 148 147 152 154 149 148 147 152 154 149 148 147 
169 170 171 171 171 169 170 171 171 171 169 170 171 171 171 169 170 171 171 171 138 111 37 19 21 17 17 18 20 22 17 17 18 20 22 17 17 18 20 22 17 17 18 20 22 17 17 18 20 22 17 17 18 20 22 17 17 18 20 22 17 17 18 20 22 151 153 149 150 150 57 42 33 63 136 169 170 171 171 171 169 170 171 171 171 169 170 171 171 171 169 170 171 171 171 169 170 171 171 171 169 170 171 171 171 151 153 149 150 150 151 153 149 150 150 151 153 149 150 150 151 153 149 150 150 
168 169 170 170 170 168 169 170 170 170 168 169 170 170 170 168 169 170 170 170 139 105 42 22 26 18 17 21 25 25 18 17 21 25 25 18 17 21 25 25 18 17 21 25 25 18 17 21 25 25 18 17 21 25 25 18 17 21 25 25 18 17 21 25 25 150 149 147 149 147 65 39 16 33 95 168 169 170 170 170 168 169 170 170 170 168 169 170 170 170 168 169 170 170 170 168 169 170 170 170 168 169 170 170 170 150 149 147 149 147 150 149 147 149 147 150 149 147 149 147 150 149 147 149 147 
167 167 168 167 167 167 167 168 167 167 167 167 168 167 167 167 167 168 167 167 131 96 40 24 31 21 21 26 27 28 21 21 26 27 28 21 21 26 27 28 21 21 26 27 28 21 21 26 27 28 21 21 26 27 28 21 21 26 27 28 21 21 26 27 28 148 148 148 149 145 91 57 28 55 89 167 167 168 167 167 167 167 168 167 167 167 167 168 167 167 167 167 168 167 167 167 167 168 167 167 167 167 168 167 167 148 148 148 149 145 148 148 148 149 145 148 148 148 149 145 148 148 148 149 145 
169 170 170 169 170 169 170 170 169 170 169 170 170 169 170 169 170 170 169 170 140 117 64 25 35 22 21 20 20 20 22 21 20 20 20 22 21 20 20 20 22 21 20 20 20 22 21 20 20 20 22 21 20 20 20 144 155 157 135 95 37 43 57 91 108 169 170 170 169 170 144 155 157 135 95 169 170 170 169 170 169 170 170 169 170 169 170 170 169 170 169 170 170 169 170 169 170 170 169 170 150 149 147 145 143 169 170 170 169 170 150 149 147 145 143 150 149 147 145 143 150 149 147 145 143 
169 170 170 171 170 169 170 170 171 170 169 170 170 171 170 169 170 170 171 170 142 108 43 16 25 20 17 18 18 19 20 17 18 18 19 20 17 18 18 19 20 17 18 18 19 20 17 18 18 19 20 17 18 18 19 152 158 162 126 67 33 39 66 114 117 169 170 170 171 170 152 158 162 126 67 169 170 170 171 170 169 170 170 171 170 169 170 170 171 170 169 170 170 171 170 169 170 170 171 170 152 154 149 148 147 169 170 170 171 170 152 154 149 148 147 152 154 149 148 147 152 154 149 148 147 
169 170 171 171 171 169 170 171 171 171 169 170 171 171 171 169 170 171 171 171 138 111 37 19 21 17 17 18 20 22 17 17 18 20 22 17 17 18 20 22 17 17 18 20 22 17 17 18 20 22 17 17 18 20 22 152 160 158 107 47 40 41 85 129 112 169 170 171 171 171 152 160 158 107 47 169 170 171 171 171 169 170 171 171 171 169 170 171 171 171 169 170 171 171 171 169 170 171 171 171 151 153 149 150 150 169 170 171 171 171 151 153 149 150 150 151 153 149 150 150 151 153 149 150 150 
168 169 170 170 170 168 169 170 170 170 168 169 170 170 170 168 169 170 170 170 139 105 42 22 26 18 17 21 25 25 18 17 21 25 25 18 17 21 25 25 18 17 21 25 25 18 17 21 25 25 18 17 21 25 25 140 150 133 72 39 40 40 94 133 116 168 169 170 170 170 140 150 133 72 39 168 169 170 170 170 168 169 170 170 170 168 169 170 170 170 168 169 170 170 170 168 169 170 170 170 150 149 147 149 147 168 169 170 170 170 150 149 147 149 147 150 149 147 149 147 150 149 147 149 147 
167 167 168 167 167 167 167 168 167 167 167 167 168 167 167 167 167 168 167 167 131 96 40 24 31 21 21 26 27 28 21 21 26 27 28 21 21 26 27 28 21 21 26 27 28 21 21 26 27 28 21 21 26 27 28 144 135 110 58 43 41 54 107 130 125 167 167 168 167 167 144 135 110 58 43 167 167 168 167 167 167 167 168 167 167 167 167 168 167 167 167 167 168 167 167 167 167 168 167 167 148 148 148 149 145 167 167 168 167 167 148 148 148 149 145 148 148 148 149 145 148 148 148 149 145 
122 119 121 121 117 150 149 147 145 143 169 170 170 169 170 144 155 157 135 95 22 21 20 20 20 22 21 20 20 20 22 21 20 20 20 22 21 20 20 20 22 21 20 20 20 22 21 20 20 20 37 43 57 91 108 144 155 157 135 95 122 119 121 121 117 169 170 170 169 170 122 119 121 121 117 52 73 94 144 160 169 170 170 169 170 169 170 170 169 170 169 170 170 169 170 169 170 170 169 170 150 149 147 145 143 150 149 147 145 143 150 149 147 145 143 150 149 147 145 143 150 149 147 145 143 
124 124 127 127 124 152 154 149 148 147 169 170 170 171 170 152 158 162 126 67 20 17 18 18 19 20 17 18 18 19 20 17 18 18 19 20 17 18 18 19 20 17 18 18 19 20 17 18 18 19 33 39 66 114 117 152 158 162 126 67 124 124 127 127 124 169 170 170 171 170 124 124 127 127 124 55 66 74 125 163 169 170 170 171 170 169 170 170 171 170 169 170 170 171 170 169 170 170 171 170 152 154 149 148 147 152 154 149 148 147 152 154 149 148 147 152 154 149 148 147 152 154 149 148 147 
119 122 122 122 123 151 153 149 150 150 169 170 171 171 171 152 160 158 107 47 17 17 18 20 22 17 17 18 20 22 17 17 18 20 22 17 17 18 20 22 17 17 18 20 22 17 17 18 20 22 40 41 85 129 112 152 160 158 107 47 119 122 122 122 123 169 170 171 171 171 119 122 122 122 123 57 42 33 63 136 169 170 171 171 171 169 170 171 171 171 169 170 171 171 171 169 170 171 171 171 151 153 149 150 150 151 153 149 150 150 151 153 149 150 150 151 153 149 150 150 151 153 149 150 150 
119 121 121 119 122 150 149 147 149 147 168 169 170 170 170 140 150 133 72 39 18 17 21 25 25 18 17 21 25 25 18 17 21 25 25 18 17 21 25 25 18 17 21 25 25 18 17 21 25 25 40 40 94 133 116 140 150 133 72 39 119 121 121 119 122 168 169 170 170 170 119 121 121 119 122 65 39 16 33 95 168 169 170 170 170 168 169 170 170 170 168 169 170 170 170 168 169 170 170 170 150 149 147 149 147 150 149 147 149 147 150 149 147 149 147 150 149 147 149 147 150 149 147 149 147 
119 121 121 119 118 148 148 148 149 145 167 167 168 167 167 144 135 110 58 43 21 21 26 27 28 21 21 26 27 28 21 21 26 27 28 21 21 26 27 28 21 21 26 27 28 21 21 26 27 28 41 54 107 130 125 144 135 110 58 43 119 121 121 119 118 167 167 168 167 167 119 121 121 119 118 91 57 28 55 89 167 167 168 167 167 167 167 168 167 167 167 167 168 167 167 167 167 168 167 167 148 148 148 149 145 148 148 148 149 145 148 148 148 149 145 148 148 148 149 145 148 148 148 149 145 
122 119 121 121 117 122 119 121 121 117 144 155 157 135 95 140 117 64 25 35 22 21 20 20 20 22 21 20 20 20 22 21 20 20 20 22 21 20 20 20 22 21 20 20 20 22 21 20 20 20 169 170 170 169 170 140 117 64 25 35 144 155 157 135 95 169 170 170 169 170 150 149 147 145 143 140 117 64 25 35 150 149 147 145 143 150 149 147 145 143 144 155 157 135 95 150 149 147 145 143 169 170 170 169 170 169 170 170 169 170 169 170 170 169 170 144 155 157 135 95 122 119 121 121 117 
124 124 127 127 124 124 124 127 127 124 152 158 162 126 67 142 108 43 16 25 20 17 18 18 19 20 17 18 18 19 20 17 18 18 19 20 17 18 18 19 20 17 18 18 19 20 17 18 18 19 169 170 170 171 170 142 108 43 16 25 152 158 162 126 67 169 170 170 171 170 152 154 149 148 147 142 108 43 16 25 152 154 149 148 147 152 154 149 148 147 152 158 162 126 67 152 154 149 148 147 169 170 170 171 170 169 170 170 171 170 169 170 170 171 170 152 158 162 126 67 124 124 127 127 124 
119 122 122 122 123 119 122 122 122 123 152 160 158 107 47 138 111 37 19 21 17 17 18 20 22 17 17 18 20 22 17 17 18 20 22 17 17 18 20 22 17 17 18 20 22 17 17 18 20 22 169 170 171 171 171 138 111 37 19 21 152 160 158 107 47 169 170 171 171 171 151 153 149 150 150 138 111 37 19 21 151 153 149 150 150 151 153 149 150 150 152 160 158 107 47 151 153 149 150 150 169 170 171 171 171 169 170 171 171 171 169 170 171 171 171 152 160 158 107 47 119 122 122 122 123 
119 121 121 119 122 119 121 121 119 122 140 150 133 72 39 139 105 42 22 26 18 17 21 25 25 18 17 21 25 25 18 17 21 25 25 18 17 21 25 25 18 17 21 25 25 18 17 21 25 25 168 169 170 170 170 139 105 42 22 26 140 150 133 72 39 168 169 170 170 170 150 149 147 149 147 139 105 42 22 26 150 149 147 149 147 150 149 147 149 147 140 150 133 72 39 150 149 147 149 147 168 169 170 170 170 168 169 170 170 170 168 169 170 170 170 140 150 133 72 39 119 121 121 119 122 
119 121 121 119 118 119 121 121 119 118 144 135 110 58 43 131 96 40 24 31 21 21 26 27 28 21 21 26 27 28 21 21 26 27 28 21 21 26 27 28 21 21 26 27 28 21 21 26 27 28 167 167 168 167 167 131 96 40 24 31 144 135 110 58 43 167 167 168 167 167 148 148 148 149 145 131 96 40 24 31 148 148 148 149 145 148 148 148 149 145 144 135 110 58 43 148 148 148 149 145 167 167 168 167 167 167 167 168 167 167 167 167 168 167 167 144 135 110 58 43 119 121 121 119 118 
122 119 121 121 117 122 119 121 121 117 122 119 121 121 117 22 21 20 20 20 22 21 20 20 20 22 21 20 20 20 22 21 20 20 20 22 21 20 20 20 22 21 20 20 20 22 21 20 20 20 150 149 147 145 143 37 43 57 91 108 37 43 57 91 108 122 119 121 121 117 122 119 121 121 117 122 119 121 121 117 37 43 57 91 108 122 119 121 121 117 22 21 20 20 20 22 21 20 20 20 52 73 94 144 160 144 155 157 135 95 37 43 57 91 108 140 117 64 25 35 22 21 20 20 20 
124 124 127 127 124 124 124 127 127 124 124 124 127 127 124 20 17 18 18 19 20 17 18 18 19 20 17 18 18 19 20 17 18 18 19 20 17 18 18 19 20 17 18 18 19 20 17 18 18 19 152 154 149 148 147 33 39 66 114 117 33 39 66 114 117 124 124 127 127 124 124 124 127 127 124 124 124 127 127 124 33 39 66 114 117 124 124 127 127 124 20 17 18 18 19 20 17 18 18 19 55 66 74 125 163 152 158 162 126 67 33 39 66 114 117 142 108 43 16 25 20 17 18 18 19 
119 122 122 122 123 119 122 122 122 123 119 122 122 122 123 17 17 18 20 22 17 17 18 20 22 17 17 18 20 22 17 17 18 20 22 17 17 18 20 22 17 17 18 20 22 17 17 18 20 22 151 153 149 150 150 40 41 85 129 112 40 41 85 129 112 119 122 122 122 123 119 122 122 122 123 119 122 122 122 123 40 41 85 129 112 119 122 122 122 123 17 17 18 20 22 17 17 18 20 22 57 42 33 63 136 152 160 158 107 47 40 41 85 129 112 138 111 37 19 21 17 17 18 20 22 
119 121 121 119 122 119 121 121 119 122 119 121 121 119 122 18 17 21 25 25 18 17 21 25 25 18 17 21 25 25 18 17 21 25 25 18 17 21 25 25 18 17 21 25 25 18 17 21 25 25 150 149 147 149 147 40 40 94 133 116 40 40 94 133 116 119 121 121 119 122 119 121 121 119 122 119 121 121 119 122 40 40 94 133 116 119 121 121 119 122 18 17 21 25 25 18 17 21 25 25 65 39 16 33 95 140 150 133 72 39 40 40 94 133 116 139 105 42 22 26 18 17 21 25 25 
119 121 121 119 118 119 121 121 119 118 119 121 121 119 118 21 21 26 27 28 21 21 26 27 28 21 21 26 27 28 21 21 26 27 28 21 21 26 27 28 21 21 26 27 28 21 21 26 27 28 148 148 148 149 145 41 54 107 130 125 41 54 107 130 125 119 121 121 119 118 119 121 121 119 118 119 121 121 119 118 41 54 107 130 125 119 121 121 119 118 21 21 26 27 28 21 21 26 27 28 91 57 28 55 89 144 135 110 58 43 41 54 107 130 125 131 96 40 24 31 21 21 26 27 28 
122 119 121 121 117 122 119 121 121 117 144 155 157 135 95 22 21 20 20 20 22 21 20 20 20 22 21 20 20 20 22 21 20 20 20 22 21 20 20 20 22 21 20 20 20 37 43 57 91 108 150 149 147 145 143 37 43 57 91 108 144 155 157 135 95 150 149 147 145 143 150 149 147 145 143 122 119 121 121 117 140 117 64 25 35 122 119 121 121 117 122 119 121 121 117 150 149 147 145 143 150 149 147 145 143 122 119 121 121 117 122 119 121 121 117 122 119 121 121 117 122 119 121 121 117 
124 124 127 127 124 124 124 127 127 124 152 158 162 126 67 20 17 18 18 19 20 17 18 18 19 20 17 18 18 19 20 17 18 18 19 20 17 18 18 19 20 17 18 18 19 33 39 66 114 117 152 154 149 148 147 33 39 66 114 117 152 158 162 126 67 152 154 149 148 147 152 154 149 148 147 124 124 127 127 124 142 108 43 16 25 124 124 127 127 124 124 124 127 127 124 152 154 149 148 147 152 154 149 148 147 124 124 127 127 124 124 124 127 127 124 124 124 127 127 124 124 124 127 127 124 
119 122 122 122 123 119 122 122 122 123 152 160 158 107 47 17 17 18 20 22 17 17 18 20 22 17 17 18 20 22 17 17 18 20 22 17 17 18 20 22 17 17 18 20 22 40 41 85 129 112 151 153 149 150 150 40 41 85 129 112 152 160 158 107 47 151 153 149 150 150 151 153 149 150 150 119 122 122 122 123 138 111 37 19 21 119 122 122 122 123 119 122 122 122 123 151 153 149 150 150 151 153 149 150 150 119 122 122 122 123 119 122 122 122 123 119 122 122 122 123 119 122 122 122 123 
119 121 121 119 122 119 121 121 119 122 140 150 133 72 39 18 17 21 25 25 18 17 21 25 25 18 17 21 25 25 18 17 21 25 25 18 17 21 25 25 18 17 21 25 25 40 40 94 133 116 150 149 147 149 147 40 40 94 133 116 140 150 133 72 39 150 149 147 149 147 150 149 147 149 147 119 121 121 119 122 139 105 42 22 26 119 121 121 119 122 119 121 121 119 122 150 149 147 149 147 150 149 147 149 147 119 121 121 119 122 119 121 121 119 122 119 121 121 119 122 119 121 121 119 122 
119 121 121 119 118 119 121 121 119 118 144 135 110 58 43 21 21 26 27 28 21 21 26 27 28 21 21 26 27 28 21 21 26 27 28 21 21 26 27 28 21 21 26 27 28 41 54 107 130 125 148 148 148 149 145 41 54 107 130 125 144 135 110 58 43 148 148 148 149 145 148 148 148 149 145 119 121 121 119 118 131 96 40 24 31 119 121 121 119 118 119 121 121 119 118 148 148 148 149 145 148 148 148 149 145 119 121 121 119 118 119 121 121 119 118 119 121 121 119 118 119 121 121 119 118 
150 149 147 145 143 122 119 121 121 117 140 117 64 25 35 22 21 20 20 20 22 21 20 20 20 22 21 20 20 20 22 21 20 20 20 22 21 20 20 20 22 21 20 20 20 122 119 121 121 117 144 155 157 135 95 52 73 94 144 160 144 155 157 135 95 150 149 147 145 143 122 119 121 121 117 122 119 121 121 117 122 119 121 121 117 37 43 57 91 108 122 119 121 121 117 122 119 121 121 117 122 119 121 121 117 122 119 121 121 117 122 119 121 121 117 122 119 121 121 117 122 119 121 121 117 
152 154 149 148 147 124 124 127 127 124 142 108 43 16 25 20 17 18 18 19 20 17 18 18 19 20 17 18 18 19 20 17 18 18 19 20 17 18 18 19 20 17 18 18 19 124 124 127 127 124 152 158 162 126 67 55 66 74 125 163 152 158 162 126 67 152 154 149 148 147 124 124 127 127 124 124 124 127 127 124 124 124 127 127 124 33 39 66 114 117 124 124 127 127 124 124 124 127 127 124 124 124 127 127 124 124 124 127 127 124 124 124 127 127 124 124 124 127 127 124 124 124 127 127 124 
151 153 149 150 150 119 122 122 122 123 138 111 37 19 21 17 17 18 20 22 17 17 18 20 22 17 17 18 20 22 17 17 18 20 22 17 17 18 20 22 17 17 18 20 22 119 122 122 122 123 152 160 158 107 47 57 42 33 63 136 152 160 158 107 47 151 153 149 150 150 119 122 122 122 123 119 122 122 122 123 119 122 122 122 123 40 41 85 129 112 119 122 122 122 123 119 122 122 122 123 119 122 122 122 123 119 122 122 122 123 119 122 122 122 123 119 122 122 122 123 119 122 122 122 123 
150 149 147 149 147 119 121 121 119 122 139 105 42 22 26 18 17 21 25 25 18 17 21 25 25 18 17 21 25 25 18 17 21 25 25 18 17 21 25 25 18 17 21 25 25 119 121 121 119 122 140 150 133 72 39 65 39 16 33 95 140 150 133 72 39 150 149 147 149 147 119 121 121 119 122 119 121 121 119 122 119 121 121 119 122 40 40 94 133 116 119 121 121 119 122 119 121 121 119 122 119 121 121 119 122 119 121 121 119 122 119 121 121 119 122 119 121 121 119 122 119 121 121 119 122 
148 148 148 149 145 119 121 121 119 118 131 96 40 24 31 21 21 26 27 28 21 21 26 27 28 21 21 26 27 28 21 21 26 27 28 21 21 26 27 28 21 21 26 27 28 119 121 121 119 118 144 135 110 58 43 91 57 28 55 89 144 135 110 58 43 148 148 148 149 145 119 121 121 119 118 119 121 121 119 118 119 121 121 119 118 41 54 107 130 125 119 121 121 119 118 119 121 121 119 118 119 121 121 119 118 119 121 121 119 118 119 121 121 119 118 119 121 121 119 118 119 121 121 119 118 
122 119 121 121 117 150 149 147 145 143 122 119 121 121 117 140 117 64 25 35 22 21 20 20 20 22 21 20 20 20 22 21 20 20 20 22 21 20 20 20 22 21 20 20 20 150 149 147 145 143 140 117 64 25 35 122 119 121 121 117 122 119 121 121 117 150 149 147 145 143 150 149 147 145 143 122 119 121 121 117 122 119 121 121 117 52 73 94 144 160 122 119 121 121 117 122 119 121 121 117 122 119 121 121 117 122 119 121 121 117 122 119 121 121 117 122 119 121 121 117 122 119 121 121 117 
124 124 127 127 124 152 154 149 148 147 124 124 127 127 124 142 108 43 16 25 20 17 18 18 19 20 17 18 18 19 20 17 18 18 19 20 17 18 18 19 20 17 18 18 19 152 154 149 148 147 142 108 43 16 25 124 124 127 127 124 124 124 127 127 124 152 154 149 148 147 152 154 149 148 147 124 124 127 127 124 124 124 127 127 124 55 66 74 125 163 124 124 127 127 124 124 124 127 127 124 124 124 127 127 124 124 124 127 127 124 124 124 127 127 124 124 124 127 127 124 124 124 127 127 124 
119 122 122 122 123 151 153 149 150 150 119 122 122 122 123 138 111 37 19 21 17 17 18 20 22 17 17 18 20 22 17 17 18 20 22 17 17 18 20 22 17 17 18 20 22 151 153 149 150 150 138 111 37 19 21 119 122 122 122 123 119 122 122 122 123 151 153 149 150 150 151 153 149 150 150 119 122 122 122 123 119 122 122 122 123 57 42 33 63 136 119 122 122 122 123 119 122 122 122 123 119 122 122 122 123 119 122 122 122 123 119 122 122 122 123 119 122 122 122 123 119 122 122 122 123 
119 121 121 119 122 150 149 147 149 147 119 121 121 119 122 139 105 42 22 26 18 17 21 25 25 18 17 21 25 25 18 17 21 25 25 18 17 21 25 25 18 17 21 25 25 150 149 147 149 147 139 105 42 22 26 119 121 121 119 122 119 121 121 119 122 150 149 147 149 147 150 149 147 149 147 119 121 121 119 122 119 121 121 119 122 65 39 16 33 95 119 121 121 119 122 119 121 121 119 122 119 121 121 119 122 119 121 121 119 122 119 121 121 119 122 119 121 121 119 122 119 121 121 119 122 
119 121 121 119 118 148 148 148 149 145 119 121 121 119 118 131 96 40 24 31 21 21 26 27 28 21 21 26 27 28 21 21 26 27 28 21 21 26 27 28 21 21 26 27 28 148 148 148 149 145 131 96 40 24 31 119 121 121 119 118 119 121 121 119 118 148 148 148 149 145 148 148 148 149 145 119 121 121 119 118 119 121 121 119 118 91 57 28 55 89 119 121 121 119 118 119 121 121 119 118 119 121 121 119 118 119 121 121 119 118 119 121 121 119 118 119 121 121 119 118 119 121 121 119 118 
122 119 121 121 117 122 119 121 121 117 150 149 147 145 143 140 117 64 25 35 22 21 20 20 20 22 21 20 20 20 22 21 20 20 20 22 21 20 20 20 37 43 57 91 108 122 119 121 121 117 52 73 94 144 160 122 119 121 121 117 122 119 121 121 117 122 119 121 121 117 122 119 121 121 117 122 119 121 121 117 122 119 121 121 117 144 155 157 135 95 122 119 121 121 117 122 119 121 121 117 122 119 121 121 117 122 119 121 121 117 122 119 121 121 117 122 119 121 121 117 122 119 121 121 117 
124 124 127 127 124 124 124 127 127 124 152 154 149 148 147 142 108 43 16 25 20 17 18 18 19 20 17 18 18 19 20 17 18 18 19 20 17 18 18 19 33 39 66 114 117 124 124 127 127 124 55 66 74 125 163 124 124 127 127 124 124 124 127 127 124 124 124 127 127 124 124 124 127 127 124 124 124 127 127 124 124 124 127 127 124 152 158 162 126 67 124 124 127 127 124 124 124 127 127 124 124 124 127 127 124 124 124 127 127 124 124 124 127 127 124 124 124 127 127 124 124 124 127 127 124 
119 122 122 122 123 119 122 122 122 123 151 153 149 150 150 138 111 37 19 21 17 17 18 20 22 17 17 18 20 22 17 17 18 20 22 17 17 18 20 22 40 41 85 129 112 119 122 122 122 123 57 42 33 63 136 119 122 122 122 123 119 122 122 122 123 119 122 122 122 123 119 122 122 122 123 119 122 122 122 123 119 122 122 122 123 152 160 158 107 47 119 122 122 122 123 119 122 122 122 123 119 122 122 122 123 119 122 122 122 123 119 122 122 122 123 119 122 122 122 123 119 122 122 122 123 
119 121 121 119 122 119 121 121 119 122 150 149 147 149 147 139 105 42 22 26 18 17 21 25 25 18 17 21 25 25 18 17 21 25 25 18 17 21 25 25 40 40 94 133 116 119 121 121 119 122 65 39 16 33 95 119 121 121 119 122 119 121 121 119 122 119 121 121 119 122 119 121 121 119 122 119 121 121 119 122 119 121 121 119 122 140 150 133 72 39 119 121 121 119 122 119 121 121 119 122 119 121 121 119 122 119 121 121 119 122 119 121 121 119 122 119 121 121 119 122 119 121 121 119 122 
119 121 121 119 118 119 121 121 119 118 148 148 148 149 145 131 96 40 24 31 21 21 26 27 28 21 21 26 27 28 21 21 26 27 28 21 21 26 27 28 41 54 107 130 125 119 121 121 119 118 91 57 28 55 89 119 121 121 119 118 119 121 121 119 118 119 121 121 119 118 119 121 121 119 118 119 121 121 119 118 119 121 121 119 118 144 135 110 58 43 119 121 121 119 118 119 121 121 119 118 119 121 121 119 118 119 121 121 119 118 119 121 121 119 118 119 121 121 119 118 119 121 121 119 118 
122 119 121 121 117 122 119 121 121 117 122 119 121 121 117 140 117 64 25 35 22 21 20 20 20 22 21 20 20 20 22 21 20 20 20 22 21 20 20 20 37 43 57 91 108 122 119 121 121 117 37 43 57 91 108 122 119 121 121 117 122 119 121 121 117 122 119 121 121 117 122 119 121 121 117 150 149 147 145 143 150 149 147 145 143 122 119 121 121 117 52 73 94 144 160 122 119 121 121 117 122 119 121 121 117 122 119 121 121 117 122 119 121 121 117 122 119 121 121 117 122 119 121 121 117 
124 124 127 127 124 124 124 127 127 124 124 124 127 127 124 142 108 43 16 25 20 17 18 18 19 20 17 18 18 19 20 17 18 18 19 20 17 18 18 19 33 39 66 114 117 124 124 127 127 124 33 39 66 114 117 124 124 127 127 124 124 124 127 127 124 124 124 127 127 124 124 124 127 127 124 152 154 149 148 147 152 154 149 148 147 124 124 127 127 124 55 66 74 125 163 124 124 127 127 124 124 124 127 127 124 124 124 127 127 124 124 124 127 127 124 124 124 127 127 124 124 124 127 127 124 
119 122 122 122 123 119 122 122 122 123 119 122 122 122 123 138 111 37 19 21 17 17 18 20 22 17 17 18 20 22 17 17 18 20 22 17 17 18 20 22 40 41 85 129 112 119 122 122 122 123 40 41 85 129 112 119 122 122 122 123 119 122 122 122 123 119 122 122 122 123 119 122 122 122 123 151 153 149 150 150 151 153 149 150 150 119 122 122 122 123 57 42 33 63 136 119 122 122 122 123 119 122 122 122 123 119 122 122 122 123 119 122 122 122 123 119 122 122 122 123 119 122 122 122 123 
119 121 121 119 122 119 121 121 119 122 119 121 121 119 122 139 105 42 22 26 18 17 21 25 25 18 17 21 25 25 18 17 21 25 25 18 17 21 25 25 40 40 94 133 116 119 121 121 119 122 40 40 94 133 116 119 121 121 119 122 119 121 121 119 122 119 121 121 119 122 119 121 121 119 122 150 149 147 149 147 150 149 147 149 147 119 121 121 119 122 65 39 16 33 95 119 121 121 119 122 119 121 121 119 122 119 121 121 119 122 119 121 121 119 122 119 121 121 119 122 119 121 121 119 122 
119 121 121 119 118 119 121 121 119 118 119 121 121 119 118 131 96 40 24 31 21 21 26 27 28 21 21 26 27 28 21 21 26 27 28 21 21 26 27 28 41 54 107 130 125 119 121 121 119 118 41 54 107 130 125 119 121 121 119 118 119 121 121 119 118 119 121 121 119 118 119 121 121 119 118 148 148 148 149 145 148 148 148 149 145 119 121 121 119 118 91 57 28 55 89 119 121 121 119 118 119 121 121 119 118 119 121 121 119 118 119 121 121 119 118 119 121 121 119 118 119 121 121 119 118 
122 119 121 121 117 122 119 121 121 117 122 119 121 121 117 140 117 64 25 35 22 21 20 20 20 37 43 57 91 108 22 21 20 20 20 22 21 20 20 20 122 119 121 121 117 122 119 121 121 117 150 149 147 145 143 122 119 121 121 117 122 119 121 121 117 122 119 121 121 117 122 119 121 121 117 122 119 121 121 117 122 119 121 121 117 122 119 121 121 117 122 119 121 121 117 122 119 121 121 117 122 119 121 121 117 122 119 121 121 117 122 119 121 121 117 122 119 121 121 117 122 119 121 121 117 
124 124 127 127 124 124 124 127 127 124 124 124 127 127 124 142 108 43 16 25 20 17 18 18 19 33 39 66 114 117 20 17 18 18 19 20 17 18 18 19 124 124 127 127 124 124 124 127 127 124 152 154 149 148 147 124 124 127 127 124 124 124 127 127 124 124 124 127 127 124 124 124 127 127 124 124 124 127 127 124 124 124 127 127 124 124 124 127 127 124 124 124 127 127 124 124 124 127 127 124 124 124 127 127 124 124 124 127 127 124 124 124 127 127 124 124 124 127 127 124 124 124 127 127 124 
119 122 122 122 123 119 122 122 122 123 119 122 122 122 123 138 111 37 19 21 17 17 18 20 22 40 41 85 129 112 17 17 18 20 22 17 17 18 20 22 119 122 122 122 123 119 122 122 122 123 151 153 149 150 150 119 122 122 122 123 119 122 122 122 123 119 122 122 122 123 119 122 122 122 123 119 122 122 122 123 119 122 122 122 123 119 122 122 122 123 119 122 122 122 123 119 122 122 122 123 119 122 122 122 123 119 122 122 122 123 119 122 122 122 123 119 122 122 122 123 119 122 122 122 123 
119 121 121 119 122 119 121 121 119 122 119 121 121 119 122 139 105 42 22 26 18 17 21 25 25 40 40 94 133 116 18 17 21 25 25 18 17 21 25 25 119 121 121 119 122 119 121 121 119 122 150 149 147 149 147 119 121 121 119 122 119 121 121 119 122 119 121 121 119 122 119 121 121 119 122 119 121 121 119 122 119 121 121 119 122 119 121 121 119 122 119 121 121 119 122 119 121 121 119 122 119 121 121 119 122 119 121 121 119 122 119 121 121 119 122 119 121 121 119 122 119 121 121 119 122 
119 121 121 119 118 119 121 121 119 118 119 121 121 119 118 131 96 40 24 31 21 21 26 27 28 41 54 107 130 125 21 21 26 27 28 21 21 26 27 28 119 121 121 119 118 119 121 121 119 118 148 148 148 149 145 119 121 121 119 118 119 121 121 119 118 119 121 121 119 118 119 121 121 119 118 119 121 121 119 118 119 121 121 119 118 119 121 121 119 118 119 121 121 119 118 119 121 121 119 118 119 121 121 119 118 119 121 121 119 118 119 121 121 119 118 119 121 121 119 118 119 121 121 119 118 
122 119 121 121 117 122 119 121 121 117 122 119 121 121 117 140 117 64 25 35 22 21 20 20 20 37 43 57 91 108 22 21 20 20 20 22 21 20 20 20 122 119 121 121 117 144 155 157 135 95 150 149 147 145 143 122 119 121 121 117 122 119 121 121 117 122 119 121 121 117 122 119 121 121 117 122 119 121 121 117 122 119 121 121 117 122 119 121 121 117 122 119 121 121 117 122 119 121 121 117 122 119 121 121 117 122 119 121 121 117 122 119 121 121 117 122 119 121 121 117 122 119 121 121 117 
124 124 127 127 124 124 124 127 127 124 124 124 127 127 124 142 108 43 16 25 20 17 18 18 19 33 39 66 114 117 20 17 18 18 19 20 17 18 18 19 124 124 127 127 124 152 158 162 126 67 152 154 149 148 147 124 124 127 127 124 124 124 127 127 124 124 124 127 127 124 124 124 127 127 124 124 124 127 127 124 124 124 127 127 124 124 124 127 127 124 124 124 127 127 124 124 124 127 127 124 124 124 127 127 124 124 124 127 127 124 124 124 127 127 124 124 124 127 127 124 124 124 127 127 124 
119 122 122 122 123 119 122 122 122 123 119 122 122 122 123 138 111 37 19 21 17 17 18 20 22 40 41 85 129 112 17 17 18 20 22 17 17 18 20 22 119 122 122 122 123 152 160 158 107 47 151 153 149 150 150 119 122 122 122 123 119 122 122 122 123 119 122 122 122 123 119 122 122 122 123 119 122 122 122 123 119 122 122 122 123 119 122 122 122 123 119 122 122 122 123 119 122 122 122 123 119 122 122 122 123 119 122 122 122 123 119 122 122 122 123 119 122 122 122 123 119 122 122 122 123 
119 121 121 119 122 119 121 121 119 122 119 121 121 119 122 139 105 42 22 26 18 17 21 25 25 40 40 94 133 116 18 17 21 25 25 18 17 21 25 25 119 121 121 119 122 140 150 133 72 39 150 149 147 149 147 119 121 121 119 122 119 121 121 119 122 119 121 121 119 122 119 121 121 119 122 119 121 121 119 122 119 121 121 119 122 119 121 121 119 122 119 121 121 119 122 119 121 121 119 122 119 121 121 119 122 119 121 121 119 122 119 121 121 119 122 119 121 121 119 122 119 121 121 119 122 
119 121 121 119 118 119 121 121 119 118 119 121 121 119 118 131 96 40 24 31 21 21 26 27 28 41 54 107 130 125 21 21 26 27 28 21 21 26 27 28 119 121 121 119 118 144 135 110 58 43 148 148 148 149 145 119 121 121 119 118 119 121 121 119 118 119 121 121 119 118 119 121 121 119 118 119 121 121 119 118 119 121 121 119 118 119 121 121 119 118 119 121 121 119 118 119 121 121 119 118 119 121 121 119 118 119 121 121 119 118 119 121 121 119 118 119 121 121 119 118 119 121 121 119 118 
122 119 121 121 117 122 119 121 121 117 122 119 121 121 117 140 117 64 25 35 22 21 20 20 20 122 119 121 121 117 22 21 20 20 20 22 21 20 20 20 122 119 121 121 117 122 119 121 121 117 122 119 121 121 117 122 119 121 121 117 122 119 121 121 117 122 119 121 121 117 122 119 121 121 117 122 119 121 121 117 122 119 121 121 117 122 119 121 121 117 122 119 121 121 117 122 119 121 121 117 122 119 121 121 117 122 119 121 121 117 122 119 121 121 117 122 119 121 121 117 122 119 121 121 117 
124 124 127 127 124 124 124 127 127 124 124 124 127 127 124 142 108 43 16 25 20 17 18 18 19 124 124 127 127 124 20 17 18 18 19 20 17 18 18 19 124 124 127 127 124 124 124 127 127 124 124 124 127 127 124 124 124 127 127 124 124 124 127 127 124 124 124 127 127 124 124 124 127 127 124 124 124 127 127 124 124 124 127 127 124 124 124 127 127 124 124 124 127 127 124 124 124 127 127 124 124 124 127 127 124 124 124 127 127 124 124 124 127 127 124 124 124 127 127 124 124 124 127 127 124 
119 122 122 122 123 119 122 122 122 123 119 122 122 122 123 138 111 37 19 21 17 17 18 20 22 119 122 122 122 123 17 17 18 20 22 17 17 18 20 22 119 122 122 122 123 119 122 122 122 123 119 122 122 122 123 119 122 122 122 123 119 122 122 122 123 119 122 122 122 123 119 122 122 122 123 119 122 122 122 123 119 122 122 122 123 119 122 122 122 123 119 122 122 122 123 119 122 122 122 123 119 122 122 122 123 119 122 122 122 123 119 122 122 122 123 119 122 122 122 123 119 122 122 122 123 
119 121 121 119 122 119 121 121 119 122 119 121 121 119 122 139 105 42 22 26 18 17 21 25 25 119 121 121 119 122 18 17 21 25 25 18 17 21 25 25 119 121 121 119 122 119 121 121 119 122 119 121 121 119 122 119 121 121 119 122 119 121 121 119 122 119 121 121 119 122 119 121 121 119 122 119 121 121 119 122 119 121 121 119 122 119 121 121 119 122 119 121 121 119 122 119 121 121 119 122 119 121 121 119 122 119 121 121 119 122 119 121 121 119 122 119 121 121 119 122 119 121 121 119 122 
119 121 121 119 118 119 121 121 119 118 119 121 121 119 118 131 96 40 24 31 21 21 26 27 28 119 121 121 119 118 21 21 26 27 28 21 21 26 27 28 119 121 121 119 118 119 121 121 119 118 119 121 121 119 118 119 121 121 119 118 119 121 121 119 118 119 121 121 119 118 119 121 121 119 118 119 121 121 119 118 119 121 121 119 118 119 121 121 119 118 119 121 121 119 118 119 121 121 119 118 119 121 121 119 118 119 121 121 119 118 119 121 121 119 118 119 121 121 119 118 119 121 121 119 118 
