0: My mean block: 
241 237 241 241 242 
239 235 240 240 240 
246 242 248 247 247 
240 235 241 241 241 
240 236 241 240 240 
246 243 247 247 246 
1: My mean block: 
243 241 138 233 236 
243 237 123 230 238 
246 237 114 234 246 
242 235 110 223 236 
242 241 121 223 232 
247 244 136 234 243 
2: My mean block: 
248 245 245 246 245 
240 237 237 238 237 
132 130 128 125 129 
252 253 253 253 253 
253 253 253 253 253 
142 139 139 139 141 
3: My mean block: 
181 243 243 126 240 
173 242 241 116 239 
175 245 244 112 240 
175 243 241 112 239 
178 243 242 120 241 
183 246 246 128 240 
4: My mean block: 
236 191 246 243 125 
232 183 241 240 113 
237 189 248 246 109 
234 189 244 239 113 
234 192 244 240 120 
237 195 246 245 129 
5: My mean block: 
220 142 142 114 117 
228 106 216 241 222 
219 106 217 232 226 
222 98 220 243 235 
224 119 205 229 222 
229 160 190 183 168 
6: My mean block: 
177 185 208 181 174 
154 144 111 78 93 
201 209 226 224 215 
210 197 232 224 214 
85 45 19 18 47 
251 251 255 255 255 
7: My mean block: 
97 89 116 138 159 
149 194 243 195 94 
171 174 208 168 116 
147 173 214 157 89 
134 192 231 175 110 
105 120 166 178 168 
